0000000000000000000000000000000000000000
1111111011100000000000000000000000000000
1111111100110100000000000000000000000000
1111111100101100000000000000000000000000
1111111101010100000000000000000000000000
1111111101011100000000000000000000000000
1111111111110101000010000010000000000000
1111111100111000000000000000000000000000
1111111110000000000000000000000000000000
0000000000000000000000000000000000000000
0000000000000000000000000000000000000000
1111111011101000000011000000000000000000
1111111000110000000000001110001000000000
0000000000000000000000000000000000000000
0000000000000000000000000000000000000000
0000000000000000000000000000000000000000
0000000000000000000000000000000000000000
0000000000000000000000000000000000000000
0000000000000000000000000000000000000000
1111111111101000000001110010000000001000
0000000000000000000001101010000000000000
1111111111100000000000001100000000000000
1111111110000000000001110000000000000000
0000000000000000000000000000000000000000
1111111100000000000000000000000000000000
1111111011000000001000100000000000100111
0000000000000000000000000000000000000000
1111111011101000000111100000000000000000
1111111111101000000000010010000000000000
1111111111011000000000010000001100000000
0000000000000111110001100000000000000000
1111111100001000000000000000000000000000
1111111111110100000000000010000000000000
1111111111011000000001110000001000000000
1111110110100101000010000010000000000000
0000000000000000000000001110001000000000
1111110110101101000010000010000000000000
0000000000001000000000001110001000000000
1111110100100101000010000010000000000000
0000000000010000000000001110001000000000
1111110100101101000010000010000000000000
0000000000011000000000001110001000000000
1111111111101000000010000010000000000000
0000000000100000000000001110001000000000
0000000001000101000111110010000000000000
0000000000110101000010000010001000000000
0000000000000000000010101010000000000000
1111111111100101000110000010001000000000
0000000000000000000010011010000000000000
0000000000111000000000001110101000000000
0000000001001000000000001111001000000000
0000000000111000000000001100000000000000
0000000000000000000000000000000000000000
0000000000000000000000000000000000000000
1111111111101100000000010010000100000000
0000000000000100000000001010000100000000
0000000000000000000000000000000000000000
1111111111100101000010000010001001000000
0000000001010000000000001110001000000000
0000000001001000000000001100000000000000
0000000000000000000000000000000000000000
0000000001010111111111110010000000000000
1111111111100101000010000010001000000000
0000000001011000000000001110001000000000
0000000001011000000010110010000000000000
0000000000101000000000001110001000000000
0000000010000101000111110010000000000000
0000000001110101000010000010001000000000
0000000000000000000011011010000000000000
1111111111100101000110000010001000000000
0000000000000000000011001010000000000000
0000000001111000000000001110101000000000
0000000010001000000000001111001000000000
0000000001111000000000001100000000000000
0000000000000000000000000000000000000000
0000000000000000000000000000000000000000
1111111111101100000000010010000100000000
0000000000000100000000001010000100000000
0000000000000000000000000000000000000000
1111111111100101000010000010001001000000
0000000001010000000000001110001000000000
0000000010001000000000001100000000000000
0000000000000000000000000000000000000000
0000000001010111111111110010000000000000
1111111111100101000010000010001000000000
0000000001011000000000001110001000000000
0000000001011000000011100010000000000000
0000000001101000000000001110001000000000
0000000000100101000010000010000000000000
1111111111011000000011110000001000000000
0000000010010000000000001110001000000000
1111111111101000000100000010000000000000
0000000011100000000000001110001000000000
0000000001101101000010000010000000000000
0000000010101000000000001110001000000000
0000000001101101000010000010000000000000
0000000011000000000000001110001000000000
0000000000000101000010000010000000000000
0000000010110000000000001110001000000000
0000000000001101000010000010000000000000
0000000011001000000000001110001000000000
0000000000010101000010000010000000000000
0000000010111000000000001110001000000000
0000000000011101000010000010000000000000
0000000011010000000000001110001000000000
1111111111110101000010000010000000000000
0000000100111000000000001110001000000000
0000000011011101000010000010000000000000
0000000011100101000010000010001001001000
0000000000000000000000000000000000000000
1111111111101101000010000010000000100110
0000000100111000000000001110001000000000
0000000011111101000010000010000000000000
1111111111101101000100110010001001001000
0000000011011101000010000010000000000000
0000000100011101000010000010000000100101
0000000100100000000000001110001000000000
0000000100001101000010000010000000000000
1111111111101101000100110010001001001000
0000000011011101000010000010000000000000
0000000100101101000010000010000000100101
0000000100110000000000001110001000000000
0000000101000101000010000010000000000000
0000000000000000000000000000000000000000
0000000101010000000000001111000000000000
0000000101010101000010000010000000000000
1111111111101101000100110010001001001000
0000000100111101000010000010000000000000
1111111111110101000010000010000000100101
0000000100111000000000001110001000000000
0000000011011101000010000010000000000000
0000000011100000000000001110001000100101
0000000011101101000010000010000000000000
0000000011111101000010000010001001000000
0000000101001000000000001110001000000000
0000000011111101000010000010000000000000
0000000101001101000101000010001000000000
0000000100000000000000001110001000000000
0000000100100000000000001100000000000000
0000000000000111111111111010000000000000
0000000100000000000000001100000000000000
0000000000000000000000000000000000000000
0000000010101111111111110010000010000000
0000000010011000000000001110001000000000
0000000011000111111111110100000010000000
0000000010100000000000001110010000000000
1111111111101101000010000010000000000000
1111111111101111111111110010001001000000
0000000100010000000000001110001000000000
0000000100110000000000001100000000000000
0000000000000111111111111010000000000000
0000000100010000000000001100000000000000
0000000000000000000000000000000000000000
0000000010101111111111110010000010000000
0000000010011101000010000010001000000000
0000000010011000000000001110001000000000
0000000011000111111111110100000010000000
0000000010100101000010000100010000000000
0000000010100000000000001110010000000000
0000000011101101000010000010000000000000
0000000100111101000010000010001001000000
0000000000000000000000000000000000000000
0000000011110000000000001111000000000000
0000000000000000000000000000000000000000
0000000101111101000010000010000000000000
1111111111101000000100100011010000000000
0000000101101101000010000010001001001000
0000000101111000000100010010000001000000
0000000101101000000100010011010001000000
0000000101111000000100010010000000100101
0000000101101000000100010011010000100101
0000000110010000000000001110001000000000
0000000110001000000000001111001000000000
0000000101111101000010000010000000000000
0000000110001101000010000010001000000000
0000000101101101000010000011010000000000
0000000110010101000010000010001000000000
0000000101110000000000001110001000000000
0000000110000000000000001111001000000000
0000000101110101000010000010000000001000
1111111111101101000111110010000000000000
0000000101110101000010000010000000100101
0000000101110000000000001110001000000000
1111111111101101000111110010001001000000
0000000110100000000000001110001000000000
0000000101110101000010000010000000000000
1111111111101000000100100010001001000000
0000000101110000000100010011000001001000
0000000110100101000010000010000000000000
1111111111101000000100100010000000100111
0000000110100000000000001110001000000000
0000000110100000000000001100000000000000
0000000000010111111111110010000000000000
0000000101011000000000001110001000000000
0000000000011111111111110010000000000000
0000000101100000000000001110001000000000
0000000000000000000000001100000000000000
0000000000000000000000000000000000000000
0000000000000111111111110010000000000000
0000000111101000000000001110001000000000
0000000111110000000000001111001000000000
0000000110111101000010000010000000000000
0000000110111000000100110010001001000000
0000000111110000000100110010001000000000
0000000110101101000010000011010000000000
0000000110101000000100110010001001000000
0000000111101000000100111000001000000000
0000000111101000000100110010001000000000
0000000110110000000000001110001000000000
0000000111000000000000001111001000000000
0000000111111000000000001111011000000000
0000000111011101000010000010000000001000
0000000111100000000000001110001000000000
0000000111001101000010000010000000000000
1111111111101000000101010010001001100111
0000000111010000000000001110001000000000
0000000111111101000010000010001001001000
0000000111111101000010000010000000000000
0000000111010000000000001110001000100111
1111111111101000000101000010000000000000
0000000111100000000000001110001000100111
0000000111100101000010000010000000001000
1111111111111101000010000010001001000000
0000000111100000000000001110001000100110
0000000111010101000010000010000000000000
1111111111011000000101100000001000000000
0000000000000101000010000010000000000000
0000001000000000000000001110001000000000
0000000000001000000000001100000000000000
0000000000000000000000000000000000000000
0000000000001111111111110010000000000000
0000000111101000000000001110001000000000
0000000111110000000000001111001000000000
0000001000011101000010000010000000000000
0000001000011000000101110010001001000000
0000000111110000000101110010001000000000
0000001000001101000010000011010000000000
0000001000001000000101110010001001000000
0000000111101000000101111000001000000000
0000000111101000000101110010001000000000
0000001000010000000000001110001000000000
0000001000100000000000001111001000000000
0000000111111000000000001111011000000000
0000001000111101000010000010000000001000
0000001001000000000000001110001000000000
0000001000101101000010000010000000000000
1111111111101000000110010010001001100111
0000001000110000000000001110001000000000
0000000111111101000010000010001001001000
0000000111111101000010000010000000000000
0000001000110000000000001110001000100111
1111111111101000000110000010000000000000
0000001001000000000000001110001000100111
0000001001000101000010000010000000001000
1111111111111101000010000010001001000000
0000001001000000000000001110001000100110
0000001000110101000010000010000000000000
1111111111011000000110100000001000000000
0000000000001101000010000010000000000000
0000001001001000000000001110001000000000
1111111111101000000110110010000000000000
0000001010011000000000001110001000000000
0000000000000101000010000010000000000000
0000001001100000000000001110001000000000
0000000000001101000010000010000000000000
0000001001111000000000001110001000000000
0000000101011101000010000010000000000000
0000001001101000000000001110001000000000
0000000101100101000010000010000000000000
0000001010000000000000001110001000000000
0000000000101101000010000010000000000000
0000001001110000000000001110001000000000
0000000000101101000010000010000000000000
0000001010001000000000001110001000000000
1111111111110101000010000010000000000000
0000001011110000000000001110001000000000
0000001010010101000010000010000000000000
0000001010011101000010000010001001001000
0000000000000000000000000000000000000000
1111111111101101000010000010000000100110
0000001011110000000000001110001000000000
0000001010110101000010000010000000000000
1111111111101101000100110010001001001000
0000001010010101000010000010000000000000
0000001011010101000010000010000000100101
0000001011011000000000001110001000000000
0000001011000101000010000010000000000000
1111111111101101000100110010001001001000
0000001010010101000010000010000000000000
0000001011100101000010000010000000100101
0000001011101000000000001110001000000000
0000001011111101000010000010000000000000
0000000000000000000000000000000000000000
0000001100001000000000001111000000000000
0000001100001101000010000010000000000000
1111111111101101000100110010001001001000
0000001011110101000010000010000000000000
1111111111110101000010000010000000100101
0000001011110000000000001110001000000000
0000001010010101000010000010000000000000
0000001010011000000000001110001000100101
0000001010100101000010000010000000000000
0000001010110101000010000010001001000000
0000001100000000000000001110001000000000
0000001010110101000010000010000000000000
0000001100000101000101000010001000000000
0000001010111000000000001110001000000000
0000001011011000000000001100000000000000
0000000000000111111111111010000000000000
0000001010111000000000001100000000000000
0000000000000000000000000000000000000000
0000001001100111111111110010000010000000
0000001001010000000000001110001000000000
0000001001111111111111110100000010000000
0000001001011000000000001110010000000000
1111111111101101000010000010000000000000
1111111111101111111111110010001001000000
0000001011001000000000001110001000000000
0000001011101000000000001100000000000000
0000000000000111111111111010000000000000
0000001011001000000000001100000000000000
0000000000000000000000000000000000000000
0000001001100111111111110010000010000000
0000001001010101000010000010001000000000
0000001001010000000000001110001000000000
0000001001111111111111110100000010000000
0000001001011101000010000100010000000000
0000001001011000000000001110010000000000
0000001010100101000010000010000000000000
0000001011110101000010000010001001000000
0000000000000000000000000000000000000000
0000001010101000000000001111000000000000
0000000000000000000000000000000000000000
0000001100110101000010000010000000000000
1111111111101000000111010011010000000000
0000001100100101000010000010001001001000
0000001100110000000111000010000001000000
0000001100100000000111000011010001000000
0000001100110000000111000010000000100101
0000001100100000000111000011010000100101
0000001101001000000000001110001000000000
0000001101000000000000001111001000000000
0000001100110101000010000010000000000000
0000001101000101000010000010001000000000
0000001100100101000010000011010000000000
0000001101001101000010000010001000000000
0000001100101000000000001110001000000000
0000001100111000000000001111001000000000
0000001100101101000010000010000000001000
1111111111101101000111110010000000000000
0000001100101101000010000010000000100101
0000001100101000000000001110001000000000
1111111111101101000111110010001001000000
0000001101011000000000001110001000000000
0000001100101101000010000010000000000000
1111111111101000000111010010001001000000
0000001100101000000111000011000001001000
0000001101011101000010000010000000000000
1111111111101000000111010010000000100111
0000001101011000000000001110001000000000
0000001101011000000000001100000000000000
0000000010011111111111110010000000000000
0000001100010000000000001110001000000000
0000000010100111111111110010000000000000
0000001100011000000000001110001000000000
0000001110000101000010000010000000000000
1111111111101000000111110011010000000000
0000001101110101000010000010001001001000
0000001110000000000111100010000001000000
0000001101110000000111100011010001000000
0000001110000000000111100010000000100101
0000001101110000000111100011010000100101
0000001110011000000000001110001000000000
0000001110010000000000001111001000000000
0000001110000101000010000010000000000000
0000001110010101000010000010001000000000
0000001101110101000010000011010000000000
0000001110011101000010000010001000000000
0000001101111000000000001110001000000000
0000001110001000000000001111001000000000
0000001101111101000010000010000000001000
1111111111101101000111110010000000000000
0000001101111101000010000010000000100101
0000001101111000000000001110001000000000
1111111111101101000111110010001001000000
0000001110101000000000001110001000000000
0000001101111101000010000010000000000000
1111111111101000000111110010001001000000
0000001101111000000111100011000001001000
0000001110101101000010000010000000000000
1111111111101000000111110010000000100111
0000001110101000000000001110001000000000
0000001110101000000000001100000000000000
0000001001010111111111110010000000000000
0000001101100000000000001110001000000000
0000001001011111111111110010000000000000
0000001101101000000000001110001000000000
0000001100010101000010000010000000000000
1111110101100000000000001110001000000000
0000001100011101000010000010000000000000
1111110101101000000000001110001000000000
0000001101101101000010000010000000000000
1111110110111000000000001110001000000000
0000001101100101000010000010000000000000
1111110110110000000000001110001000000000
0000000000000000000000000000000000000000
1111111000110000000000000000000000000000
0000000000000000000000000000000000000000
1111111011000000000011110000000000000000
0000000000000000000000000000000000000000
