0000000000000000000000000000000000000000
1111111011100000000000000000000000000000
1111111100110100000000000000000000000000
1111111100101100000000000000000000000000
1111111101010100000000000000000000000000
1111111101011100000000000000000000000000
1111111111110101000010000010000000000000
1111111100111000000000000000000000000000
1111111110000000000000000000000000000000
0000000000000000000000000000000000000000
0000000000000000000000000000000000000000
1111111011101000000011000000000000000000
1111111000110000000000001110001000000000
0000000000000000000000000000000000000000
0000000000000000000000000000000000000000
0000000000000000000000000000000000000000
0000000000000000000000000000000000000000
0000000000000000000000000000000000000000
0000000000000000000000000000000000000000
1111111111101000000001110010000000001000
0000000000000000000001101010000000000000
1111111111100000000000001100000000000000
1111111110000000000001110000000000000000
0000000000000000000000000000000000000000
1111111100000000000000000000000000000000
1111111011000000001000100000000000100111
0000000000000000000000000000000000000000
1111111011101000000111100000000000000000
1111111111101000000000010010000000000000
1111111111011000000000010000001100000000
0000000000000111110001100000000000000000
1111111100001000000000000000000000000000
1111111111110100000000000010000000000000
1111111111011000000001110000001000000000
1111110110100101000010000010000000000000
0000000000000000000000001110001000000000
1111110110101101000010000010000000000000
0000000000001000000000001110001000000000
1111110100100101000010000010000000000000
0000000000010000000000001110001000000000
1111110100101101000010000010000000000000
0000000000011000000000001110001000000000
1111110100110101000010000010000000000000
0000000000100000000000001110001000000000
1111110100111101000010000010000000000000
0000000000101000000000001110001000000000
1111110101000101000010000010000000000000
0000000000110000000000001110001000000000
1111110101001101000010000010000000000000
0000000000111000000000001110001000000000
1111110101010101000010000010000000000000
0000000001000000000000001110001000000000
1111110101011101000010000010000000000000
0000000001001000000000001110001000000000
1111111111101000000010000010000000000000
0000000001010000000000001110001000000000
0000000001110101000111110010000000000000
0000000001100101000010000010001000000000
0000000000000000000010101010000000000000
1111111111100101000110000010001000000000
0000000000000000000010011010000000000000
0000000001101000000000001110101000000000
0000000001111000000000001111001000000000
0000000001101000000000001100000000000000
0000000000000000000000000000000000000000
0000000000000000000000000000000000000000
1111111111101100000000010010000100000000
0000000000000100000000001010000100000000
0000000000000000000000000000000000000000
1111111111100101000010000010001001000000
0000000010000000000000001110001000000000
0000000001111000000000001100000000000000
0000000000000000000000000000000000000000
0000000010000111111111110010000000000000
1111111111100101000010000010001000000000
0000000010001000000000001110001000000000
0000000010001000000010110010000000000000
0000000001011000000000001110001000000000
0000000010110101000111110010000000000000
0000000010100101000010000010001000000000
0000000000000000000011011010000000000000
1111111111100101000110000010001000000000
0000000000000000000011001010000000000000
0000000010101000000000001110101000000000
0000000010111000000000001111001000000000
0000000010101000000000001100000000000000
0000000000000000000000000000000000000000
0000000000000000000000000000000000000000
1111111111101100000000010010000100000000
0000000000000100000000001010000100000000
0000000000000000000000000000000000000000
1111111111100101000010000010001001000000
0000000010000000000000001110001000000000
0000000010111000000000001100000000000000
0000000000000000000000000000000000000000
0000000010000111111111110010000000000000
1111111111100101000010000010001000000000
0000000010001000000000001110001000000000
0000000010001000000011100010000000000000
0000000010011000000000001110001000000000
1111111111101000000011110010000000000000
0000000011000000000000001110001000000000
0000000001010101000010000010000000000000
1111111111011000000100000000001000000000
0000000011001000000000001110001000000000
0000000001011101000010000010000000000000
1111110110001000000000001110001000000000
0000000010011101000010000010000000000000
1111110110011000000000001110001000000000
1111111111101000000110000010000000000000
0000000101111101000010000010001001000000
0000000110011000000000001110001000000000
0000000110001101000010000010000000000000
0000000101111101000010000011010000000000
0000000110011101000101000010001000000000
0000000110000000000000001110001000000000
0000000110010000000000001111001000000000
0000000110000101000010000010000000000000
0000000011100000000000001110001000000000
0000000101101000000000001100000000000000
0000000101101111111111110010001001000000
0000000010001000000000001110001000000000
0000000101101101000010000010000000000000
0000000010001101000011010010001000000000
0000000101110000000000001110001000000000
1111111111101101000010000100000000000000
0000000011100101000010000010010001001000
0000000000000000000000000000000000000000
1111111111110101000010000010000000100111
0000000011110000000000001110001000000000
0000000000110000000100010010000000000000
0000000011101000000000001110001000000000
0000000100011000000101110010000000000000
0000000011101000000101100010001000000000
0000000100100000000000001110001000000000
0000000001000000000100010010000000000000
0000000011101000000000001110001000000000
0000000100111000000101110010000000000000
0000000011101000000101100010001000000000
0000000101000000000000001110001000000000
0000000000110000000100100010000000000000
0000000100000000000000001110001000000000
0000000100101000000101010010000000000000
0000000100000000000100110010001000000000
0000000011111000000101000010001000000000
0000000100110000000000001110001000000000
0000000001000000000100100010000000000000
0000000100010000000000001110001000000000
0000000101001000000101010010000000000000
0000000100010000000100110010001000000000
0000000100001000000101000010001000000000
0000000101010000000000001110001000000000
0000000100100101000010000010000000000000
0000000100110101000010000010001000000000
0000000101011000000000001110001000000000
0000000101000101000010000010000000000000
0000000101010101000010000010001000000000
0000000101100000000000001110001000000000
0000000011100000000000001100000000000000
0000000000110111111111110010000000000000
0000000101110101000010000100000000000000
0000000010001000000000001110010000000000
0000000010001000000000001100000000000000
0000000011110111111111110100000000000000
0000000010001000000000001110010000000000
0000000010001000000000001100000000000000
0000000101011111111111110010001000000000
0000000011010000000000001110001000000000
0000000000000000000000000000000000000000
0000000011100000000000001100000000000000
0000000001000111111111110010000000000000
0000000101110101000010000100000000000000
0000000010001000000000001110010000000000
0000000010001000000000001100000000000000
0000000011110111111111110100000000000000
0000000010001000000000001110010000000000
0000000010001000000000001100000000000000
0000000101100111111111110010001000000000
0000000011011000000000001110001000000000
0000000000000000000000000000000000000000
0000000000101101000010000010000000000000
0000000110110000000110010010001001000000
0000000110101000000000001110001000000000
0000000000011101000010000010000000000000
0000000110110000000110010010001000000000
0000000110100000000000001110001000000000
0000000000011101000010000010000000000000
0000000000101101000010000010001001000000
0000000110110101000010000010001001000000
0000000010001000000000001110001000000000
0000000010001000000110100010000000000000
0000000110110101000010000010001000000000
0000000110111000000000001110001000000000
0001010110111101000010000010000000000000
1111111111101101000111110010001001001000
0000000000000000000000000000000000000000
1111111111101101000111100010000000100111
0001010111000000000000001110001000000000
0000000000111000000110110010000000000000
0001011111000000000000001110001000000000
0001010111001000000111010010000000000000
0001010111010000000111100010001000000000
0001010111011000000111110010001000000000
0001010111100000001000000010001000000000
0001010111101000001000010010001000000000
0001010111110000001000100010001000000000
0001010111111000001000110010001000000000
0001011000000000001001000010001000000000
0001011000001000001001010010001000000000
0001011000010000001001100010001000000000
0001011000011000001001110010001000000000
0001011000100000001010000010001000000000
0001011000101000001010010010001000000000
0001011000110000001010100010001000000000
0001011000111000001010110010001000000000
0001011001000000001011000010001000000000
0001011001001000001011010010001000000000
0001011001010000001011100010001000000000
0001011001011000001011110010001000000000
0001011001100000001100000010001000000000
0001011001101000001100010010001000000000
0001011001110000001100100010001000000000
0001011001111000001100110010001000000000
0001011010000000001101000010001000000000
0001011010001000001101010010001000000000
0001011010010000001101100010001000000000
0001011010011000001101110010001000000000
0001011010100000001110000010001000000000
0001011010101000001110010010001000000000
0001011010110000001110100010001000000000
0001011010111000001110110010001000000000
0001011011000000001111000010001000000000
0001011011001000001111010010001000000000
0001011011010000001111100010001000000000
0001011011011000001111110010001000000000
0001011011100000010000000010001000000000
0001011011101000010000010010001000000000
0001011011110000010000100010001000000000
0001011011111000010000110010001000000000
0001011100000000010001000010001000000000
0001011100001000010001010010001000000000
0001011100010000010001100010001000000000
0001011100011000010001110010001000000000
0001011100100000010010000010001000000000
0001011100101000010010010010001000000000
0001011100110000010010100010001000000000
0001011100111000010010110010001000000000
0001011101000000010011000010001000000000
0001011101001000010011010010001000000000
0001011101010000010011100010001000000000
0001011101011000010011110010001000000000
0001011101100000010100000010001000000000
0001011101101000010100010010001000000000
0001011101110000010100100010001000000000
0001011101111000010100110010001000000000
0001011110000000010101000010001000000000
0001011110001000010101010010001000000000
0001011110010000010101100010001000000000
0001011110011000010101110010001000000000
0001011110100000010110000010001000000000
0001011110101000010110010010001000000000
0001011110110000010110100010001000000000
0001011110111000010110110010001000000000
0001011111000000010111000010001000000000
0001011111001000000000001110001000000000
0001011111001101000010000010000000000000
0001011111001000010111010010001000000000
0001011111100000000000001110001000000000
0001011111100101000010010010000000000000
0001011111010101000010010010001001000000
0001011111101000010111010010001000000000
0001011111111000000000001110001000000000
0001100010100000011000000010001000000000
0001100000010000000000001110001000000000
0001100000010000010111100010001001000000
0001100000010000000000001110001000000000
0001100000010101000010010010000000000000
0001100000000101000010010010001000000000
0001100000011000010111100010001000000000
0001100000101000000000001110001000000000
0001010110110000000000001110001000100111
0001001110100000000000001110001000100110
0001010111000000000000001100000000000000
0000000000000000011001011010000000000000
0001100000111101000010000010000000000000
1111111111101000010111110010001000000000
0001100001000000000000001110101000000000
1111111111101000011000100010001100000000
0001100001001000000000001110101000000000
0001100001001000011001100010000000000000
0001100001010000000000001110001000000000
0001100001011000000000001111001000000000
0001100001010000000000001100000000000000
0000000000000000000000000000000000000000
0000000000000000000000000000000000000000
1111111111101100000000000100000100000000
1111111111101100000000010010010101000000
0001100001100000000000001110001000000000
0001100001011000000000001100000000000000
0001100001100111111111110010010001000000
0001100000110000000000001110001000000000
1111111111101000011000010010000000000000
0001100000110000011000010010001000000000
0001100001111000000000001110001000000000
0001100001111101000101000010000000000000
0001100001101000000000001110001000000000
0001100001110000000000001111001000000000
0001100001101101000001110010000000000000
0001100001101000000000001110001000000000
0001100001101000000000001100000000000000
0000000000000111111111111010000000000000
0001100001110000000000001100000000000000
0000000000000000000000000000000000000000
0000000111100111111111110010000010100111
0000000111010111111111110010001011100111
0000000111010101000010000010001010100111
0000001000000111111111110010000010100110
0000000111110111111111110010001011100110
0000000111110101000010000010001010100110
0001100010011000000000001110001000000000
0001100010001000011001110010000000100111
0001100010000000011001110010000000100110
0001100010010000011001110010001000100111
0001100010001000011001110010001001100110
0001100010110000000000001110001000000000
1111111111101000011000010010000000000000
0001100000110000011000010010001001000000
0001100001111000000000001110001000000000
0001100001111101000101000010000000000000
0001100001101000000000001110001000000000
0001100001110000000000001111001000000000
0001100001101101000001110010000000000000
0001100001101000000000001110001000000000
0001100001101000000000001100000000000000
0000000000000111111111111010000000000000
0001100001110000000000001100000000000000
0000000000000000000000000000000000000000
0000000111100111111111110010000010100111
0000000111010111111111110010001011100111
0000000111010101000010000010001010100111
0000001000000111111111110010000010100110
0000000111110111111111110010001011100110
0000000111110101000010000010001010100110
0001100011010000000000001110001000000000
0001100010001000011001110010000000000000
0001100011001000011001110010001000100111
0001100010111000011001110010001000100110
0001100011110000000000001110001000000000
0001100011100000011010000010000000100111
0001100011101000011010010010001000100111
0001100011100000011010000010000000100110
0001100011011000011010010010001000100110
0001101100000000000000001110001000000000
0001010111000000000000001100000000000000
0000000000000111111111111010000000000000
0000000000000000000000000000000000000000
0000000000000000000000000000000000000000
0001101011110000010110100010000110000000
0001101011100000010110000010001110000000
0001101011010000010101100010001110000000
0001101011000000010101000010001110000000
0001101010110000010100100010001110000000
0001101010100000010100000010001110000000
0001101010010000010011100010001110000000
0001101010000000010011000010001110000000
0001101001110000010010100010001110000000
0001101001100000010010000010001110000000
0001101001010000010001100010001110000000
0001101001000000010001000010001110000000
0001101000110000010000100010001110000000
0001101000100000010000000010001110000000
0001101000010000001111100010001110000000
0001101000000000001111000010001110000000
0001100111110000001110100010001110000000
0001100111100000001110000010001110000000
0001100111010000001101100010001110000000
0001100111000000001101000010001110000000
0001100110110000001100100010001110000000
0001100110100000001100000010001110000000
0001100110010000001011100010001110000000
0001100110000000001011000010001110000000
0001100101110000001010100010001110000000
0001100101100000001010000010001110000000
0001100101010000001001100010001110000000
0001100101000000001001000010001110000000
0001100100110000001000100010001110000000
0001100100100000001000000010001110000000
0001100100010000000111100010001110000000
0001100100000000000111000010001110000000
0001101100001000000000001110001000000000
0001101011101000010110100010000110000000
0001101011011000010110000010001110000000
0001101011001000010101100010001110000000
0001101010111000010101000010001110000000
0001101010101000010100100010001110000000
0001101010011000010100000010001110000000
0001101010001000010011100010001110000000
0001101001111000010011000010001110000000
0001101001101000010010100010001110000000
0001101001011000010010000010001110000000
0001101001001000010001100010001110000000
0001101000111000010001000010001110000000
0001101000101000010000100010001110000000
0001101000011000010000000010001110000000
0001101000001000001111100010001110000000
0001100111111000001111000010001110000000
0001100111101000001110100010001110000000
0001100111011000001110000010001110000000
0001100111001000001101100010001110000000
0001100110111000001101000010001110000000
0001100110101000001100100010001110000000
0001100110011000001100000010001110000000
0001100110001000001011100010001110000000
0001100101111000001011000010001110000000
0001100101101000001010100010001110000000
0001100101011000001010000010001110000000
0001100101001000001001100010001110000000
0001100100111000001001000010001110000000
0001100100101000001000100010001110000000
0001100100011000001000000010001110000000
0001100100001000000111100010001110000000
0001100011111000000111000010001110000000
0001101100010000000000001110001000000000
0001101100001101000001110010000000000000
0000000111000000000000001110001000000000
0001101100010101000001110010000000000000
0000000111001000000000001110001000000000
0010111100010101000010000010000000000000
1111111111101101000111110010001001001000
0000000000000000000000000000000000000000
1111111111101101000111100010000000100111
0010111100011000000000001110001000000000
0000000001001000011010100010000000000000
0011000100011000000000001110001000000000
0010111100100000011011000010000000000000
0010111100101000011011010010001000000000
0010111100110000011011100010001000000000
0010111100111000011011110010001000000000
0010111101000000011100000010001000000000
0010111101001000011100010010001000000000
0010111101010000011100100010001000000000
0010111101011000011100110010001000000000
0010111101100000011101000010001000000000
0010111101101000011101010010001000000000
0010111101110000011101100010001000000000
0010111101111000011101110010001000000000
0010111110000000011110000010001000000000
0010111110001000011110010010001000000000
0010111110010000011110100010001000000000
0010111110011000011110110010001000000000
0010111110100000011111000010001000000000
0010111110101000011111010010001000000000
0010111110110000011111100010001000000000
0010111110111000011111110010001000000000
0010111111000000100000000010001000000000
0010111111001000100000010010001000000000
0010111111010000100000100010001000000000
0010111111011000100000110010001000000000
0010111111100000100001000010001000000000
0010111111101000100001010010001000000000
0010111111110000100001100010001000000000
0010111111111000100001110010001000000000
0011000000000000100010000010001000000000
0011000000001000100010010010001000000000
0011000000010000100010100010001000000000
0011000000011000100010110010001000000000
0011000000100000100011000010001000000000
0011000000101000100011010010001000000000
0011000000110000100011100010001000000000
0011000000111000100011110010001000000000
0011000001000000100100000010001000000000
0011000001001000100100010010001000000000
0011000001010000100100100010001000000000
0011000001011000100100110010001000000000
0011000001100000100101000010001000000000
0011000001101000100101010010001000000000
0011000001110000100101100010001000000000
0011000001111000100101110010001000000000
0011000010000000100110000010001000000000
0011000010001000100110010010001000000000
0011000010010000100110100010001000000000
0011000010011000100110110010001000000000
0011000010100000100111000010001000000000
0011000010101000100111010010001000000000
0011000010110000100111100010001000000000
0011000010111000100111110010001000000000
0011000011000000101000000010001000000000
0011000011001000101000010010001000000000
0011000011010000101000100010001000000000
0011000011011000101000110010001000000000
0011000011100000101001000010001000000000
0011000011101000101001010010001000000000
0011000011110000101001100010001000000000
0011000011111000101001110010001000000000
0011000100000000101010000010001000000000
0011000100001000101010010010001000000000
0011000100010000101010100010001000000000
0011000100011000101010110010001000000000
0011000100100000000000001110001000000000
0011000100100101000010000010000000000000
0011000100100000101011000010001000000000
0011000100111000000000001110001000000000
0011000100111101000010010010000000000000
0011000100101101000010010010001001000000
0011000101000000101011000010001000000000
0011000101010000000000001110001000000000
0011000111111000101011110010001000000000
0011000101101000000000001110001000000000
0011000101101000101011010010001001000000
0011000101101000000000001110001000000000
0011000101101101000010010010000000000000
0011000101011101000010010010001000000000
0011000101110000101011010010001000000000
0011000110000000000000001110001000000000
0010111100001000000000001110001000100111
0010110011111000000000001110001000100110
0010111100011000000000001100000000000000
0000000000000000101101001010000000000000
0011000110010101000010000010000000000000
1111111111101000101011100010001000000000
0011000110011000000000001110101000000000
1111111111101000101100010010001100000000
0011000110100000000000001110101000000000
0011000110100000101101010010000000000000
0011000110101000000000001110001000000000
0011000110110000000000001111001000000000
0011000110101000000000001100000000000000
0000000000000000000000000000000000000000
0000000000000000000000000000000000000000
1111111111101100000000000100000100000000
1111111111101100000000010010010101000000
0011000110111000000000001110001000000000
0011000110110000000000001100000000000000
0011000110111111111111110010010001000000
0011000110001000000000001110001000000000
1111111111101000101100000010000000000000
0011000110001000101100000010001000000000
0011000111010000000000001110001000000000
0011000111010101000101000010000000000000
0011000111000000000000001110001000000000
0011000111001000000000001111001000000000
0011000111000101000001110010000000000000
0011000111000000000000001110001000000000
0011000111000000000000001100000000000000
0000000000000111111111111010000000000000
0011000111001000000000001100000000000000
0000000000000000000000000000000000000000
0001101100111111111111110010000010100111
0001101100101111111111110010001011100111
0001101100101101000010000010001010100111
0001101101011111111111110010000010100110
0001101101001111111111110010001011100110
0001101101001101000010000010001010100110
0011000111110000000000001110001000000000
0011000111100000101101100010000000100111
0011000111011000101101100010000000100110
0011000111101000101101100010001000100111
0011000111100000101101100010001001100110
0011001000001000000000001110001000000000
1111111111101000101100000010000000000000
0011000110001000101100000010001001000000
0011000111010000000000001110001000000000
0011000111010101000101000010000000000000
0011000111000000000000001110001000000000
0011000111001000000000001111001000000000
0011000111000101000001110010000000000000
0011000111000000000000001110001000000000
0011000111000000000000001100000000000000
0000000000000111111111111010000000000000
0011000111001000000000001100000000000000
0000000000000000000000000000000000000000
0001101100111111111111110010000010100111
0001101100101111111111110010001011100111
0001101100101101000010000010001010100111
0001101101011111111111110010000010100110
0001101101001111111111110010001011100110
0001101101001101000010000010001010100110
0011001000101000000000001110001000000000
0011000111100000101101100010000000000000
0011001000100000101101100010001000100111
0011001000010000101101100010001000100110
0011001001001000000000001110001000000000
0011001000111000101101110010000000100111
0011001001000000101110000010001000100111
0011001000111000101101110010000000100110
0011001000110000101110000010001000100110
0011010001011000000000001110001000000000
0010111100011000000000001100000000000000
0000000000000111111111111010000000000000
0000000000000000000000000000000000000000
0000000000000000000000000000000000000000
0011010001001000101010010010000110000000
0011010000111000101001110010001110000000
0011010000101000101001010010001110000000
0011010000011000101000110010001110000000
0011010000001000101000010010001110000000
0011001111111000100111110010001110000000
0011001111101000100111010010001110000000
0011001111011000100110110010001110000000
0011001111001000100110010010001110000000
0011001110111000100101110010001110000000
0011001110101000100101010010001110000000
0011001110011000100100110010001110000000
0011001110001000100100010010001110000000
0011001101111000100011110010001110000000
0011001101101000100011010010001110000000
0011001101011000100010110010001110000000
0011001101001000100010010010001110000000
0011001100111000100001110010001110000000
0011001100101000100001010010001110000000
0011001100011000100000110010001110000000
0011001100001000100000010010001110000000
0011001011111000011111110010001110000000
0011001011101000011111010010001110000000
0011001011011000011110110010001110000000
0011001011001000011110010010001110000000
0011001010111000011101110010001110000000
0011001010101000011101010010001110000000
0011001010011000011100110010001110000000
0011001010001000011100010010001110000000
0011001001111000011011110010001110000000
0011001001101000011011010010001110000000
0011001001011000011010110010001110000000
0011010001100000000000001110001000000000
0011010001000000101010010010000110000000
0011010000110000101001110010001110000000
0011010000100000101001010010001110000000
0011010000010000101000110010001110000000
0011010000000000101000010010001110000000
0011001111110000100111110010001110000000
0011001111100000100111010010001110000000
0011001111010000100110110010001110000000
0011001111000000100110010010001110000000
0011001110110000100101110010001110000000
0011001110100000100101010010001110000000
0011001110010000100100110010001110000000
0011001110000000100100010010001110000000
0011001101110000100011110010001110000000
0011001101100000100011010010001110000000
0011001101010000100010110010001110000000
0011001101000000100010010010001110000000
0011001100110000100001110010001110000000
0011001100100000100001010010001110000000
0011001100010000100000110010001110000000
0011001100000000100000010010001110000000
0011001011110000011111110010001110000000
0011001011100000011111010010001110000000
0011001011010000011110110010001110000000
0011001011000000011110010010001110000000
0011001010110000011101110010001110000000
0011001010100000011101010010001110000000
0011001010010000011100110010001110000000
0011001010000000011100010010001110000000
0011001001110000011011110010001110000000
0011001001100000011011010010001110000000
0011001001010000011010110010001110000000
0011010001101000000000001110001000000000
0011010001100101000001110010000000000000
0001101100011000000000001110001000000000
0011010001101101000001110010000000000000
0001101100100000000000001110001000000000
0000000011000101000010000010000000000000
1111110101111000000000001110001000000000
0000000011000101000010000010000000000000
1111110101101000000000001110001000000000
0000000000000101000010000010000000000000
1111110101100000000000001110001000000000
0000000000001101000010000010000000000000
1111110101110000000000001110001000000000
0000000000000000000000001100000000000000
0000000000000000000000000000000000000000
0000000000000111111111110010000000000000
0011010010110000000000001110001000000000
0011010010111000000000001111001000000000
0011010010000101000010000010000000000000
0011010010000000101110010010001001000000
0011010010111000101110010010001000000000
0011010001110101000010000011010000000000
0011010001110000101110010010001001000000
0011010010110000101110011000001000000000
0011010010110000101110010010001000000000
0011010001111000000000001110001000000000
0011010010001000000000001111001000000000
0011010011000000000000001111011000000000
0011010010100101000010000010000000001000
0011010010101000000000001110001000000000
0011010010010101000010000010000000000000
1111111111101000101110110010001001100111
0011010010011000000000001110001000000000
0011010011000101000010000010001001001000
0011010011000101000010000010000000000000
0011010010011000000000001110001000100111
1111111111101000101110100010000000000000
0011010010101000000000001110001000100111
0011010010101101000010000010000000001000
1111111111111101000010000010001001000000
0011010010101000000000001110001000100110
0011010010011101000010000010000000000000
1111111111011000101111000000001000000000
0000000000000101000010000010000000000000
0011010011001000000000001110001000000000
0000000000001000000000001100000000000000
0000000000000000000000000000000000000000
0000000000001111111111110010000000000000
0011010010110000000000001110001000000000
0011010010111000000000001111001000000000
0011010011100101000010000010000000000000
0011010011100000101111010010001001000000
0011010010111000101111010010001000000000
0011010011010101000010000011010000000000
0011010011010000101111010010001001000000
0011010010110000101111011000001000000000
0011010010110000101111010010001000000000
0011010011011000000000001110001000000000
0011010011101000000000001111001000000000
0011010011000000000000001111011000000000
0011010100000101000010000010000000001000
0011010100001000000000001110001000000000
0011010011110101000010000010000000000000
1111111111101000101111110010001001100111
0011010011111000000000001110001000000000
0011010011000101000010000010001001001000
0011010011000101000010000010000000000000
0011010011111000000000001110001000100111
1111111111101000101111100010000000000000
0011010100001000000000001110001000100111
0011010100001101000010000010000000001000
1111111111111101000010000010001001000000
0011010100001000000000001110001000100110
0011010011111101000010000010000000000000
1111111111011000110000000000001000000000
0000000000001101000010000010000000000000
0011010100010000000000001110001000000000
0000000111000101000010000010000000000000
0001101100011101000010000010001000000000
0011010100011000000000001110001000000000
0000000111001101000010000010000000000000
0001101100100101000010000010001000000000
0011010100100000000000001110001000000000
0000000000000101000010000010000000000000
0000000000000000000000000000000000000000
0011010010110000000000001111000000000000
1111111111110101000010000010001000000000
0011010010111000000000001111001000000000
0011010101100101000010000010000000000000
0011010101100000110011010010001001000000
0011010010111000110011010010001000000000
0011010101010101000010000011010000000000
0011010101010000110011010010001001000000
0011010010110000110011010010001000000000
0011010101011000000000001110001000000000
0011010101101000000000001111001000000000
0011010101110000000000001110001000000000
1111111111101000110010010100000000000000
0011010101110101000010000010000000001000
0011010101110000110000010010000000000000
1111111111101000110000100010001000000000
0000000010001000000000001110001000000000
0011010101110000110000110010000000000000
1111111111101000110001000010001000000000
0000000010001000000000001110001000100011
1111111111101000110010100100000000000000
0011010101110101000010000010000000001000
0011010101110000110001010010000000000000
1111111111101000110001100010001000000000
0000000010001000000000001110001000100011
1111111111101000110010110100000000000000
0011010101110101000010000010000000001000
0011010101110000110001110010000000000000
1111111111101000110010000010001000000000
0000000010001000000000001110001000100011
0000000000000000000000000000000000000000
0000000010001000000000001100000000000000
0011010101110111111111110010000001000000
1111111111101101000001110010001000000000
0000000010001000000000001110001000000000
0000000010001111111111110010000000000000
0000000010001000000000001110001000000000
0000000010001000000000001100000000000000
0011010101110111111111110010000001000000
1111111111101101000001110010001000000000
0000000010001000000000001110001000000000
0000000010001111111111110010000000000000
0000000010001000000000001110001000000000
0000000010001000000000001100000000000000
0011010101110111111111110010000001000000
1111111111101101000001110010001000000000
0000000010001000000000001110001000000000
0000000010001111111111110010000000000000
0000000010001000000000001110001000000000
0000000010001000000000001100000000000000
0000000000000000110011001010000000000000
1111111111100111111111110010000000000000
0011010101001000000000001110001000000000
0000000000000000000000000000000000000000
0011010101001101000010000100000000000000
1111111111101101000010000010000000001000
0000000000000000000000000000000000000000
0011010101001000000000001110001000100011
0000000000000000000000000000000000000000
0011010101001101000010000100000000000000
0011010101000101000010000010000000001000
0011010101001000110011100010000000000000
0011010101000000110011100010001001000000
0011010101000101000010000010001000000000
0011010101001000000000001110001000100011
0000000000000000000000000000000000000000
0011010101001101000010000010000000000000
0011010100111000000000001110001000000000
1111111111101000110011110010001001001000
1111111111101101000010000010000000000000
1111111111110101000010000010000000100101
0011010100110000000000001110001000000000
0011010101001000000000001100000000000000
0000000000000111111111110010000000000000
0011010100101000000000001110001000000000
0000000000001101000010000010000000000000
0000000000000000000000000000000000000000
0011010010110000000000001111000000000000
1111111111110101000010000010001000000000
0011010010111000000000001111001000000000
0011010110110101000010000010000000000000
0011010110110000110111000010001001000000
0011010010111000110111000010001000000000
0011010110100101000010000011010000000000
0011010110100000110111000010001001000000
0011010010110000110111000010001000000000
0011010110101000000000001110001000000000
0011010110111000000000001111001000000000
0011010101110000000000001110001000000000
1111111111101000110110000100000000000000
0011010101110101000010000010000000001000
0011010101110000110100000010000000000000
1111111111101000110100010010001000000000
0000000010001000000000001110001000000000
0011010101110000110100100010000000000000
1111111111101000110100110010001000000000
0000000010001000000000001110001000100011
1111111111101000110110010100000000000000
0011010101110101000010000010000000001000
0011010101110000110101000010000000000000
1111111111101000110101010010001000000000
0000000010001000000000001110001000100011
1111111111101000110110100100000000000000
0011010101110101000010000010000000001000
0011010101110000110101100010000000000000
1111111111101000110101110010001000000000
0000000010001000000000001110001000100011
0000000000000000000000000000000000000000
0000000010001000000000001100000000000000
0011010101110111111111110010000001000000
1111111111101101000001110010001000000000
0000000010001000000000001110001000000000
0000000010001111111111110010000000000000
0000000010001000000000001110001000000000
0000000010001000000000001100000000000000
0011010101110111111111110010000001000000
1111111111101101000001110010001000000000
0000000010001000000000001110001000000000
0000000010001111111111110010000000000000
0000000010001000000000001110001000000000
0000000010001000000000001100000000000000
0011010101110111111111110010000001000000
1111111111101101000001110010001000000000
0000000010001000000000001110001000000000
0000000010001111111111110010000000000000
0000000010001000000000001110001000000000
0000000010001000000000001100000000000000
0000000000000000110110111010000000000000
1111111111100111111111110010000000000000
0011010110011000000000001110001000000000
0000000000000000000000000000000000000000
0011010110011101000010000100000000000000
1111111111101101000010000010000000001000
0000000000000000000000000000000000000000
0011010110011000000000001110001000100011
0000000000000000000000000000000000000000
0011010110011101000010000100000000000000
0011010110010101000010000010000000001000
0011010110011000110111010010000000000000
0011010110010000110111010010001001000000
0011010110010101000010000010001000000000
0011010110011000000000001110001000100011
0000000000000000000000000000000000000000
0011010110011101000010000010000000000000
0011010110001000000000001110001000000000
1111111111101000110111100010001001001000
1111111111101101000010000010000000000000
1111111111110101000010000010000000100101
0011010110000000000000001110001000000000
0011010110011000000000001100000000000000
0000000000001111111111110010000000000000
0011010101111000000000001110001000000000
0000000000010000110111110010000000000000
0000000011010000111000000010001000000000
0000000110100000111000010010001000000000
0011010100011000111000100010001000000000
0011010111000000000000001110001000000000
0000000000100000111000110010000000000000
0000000011011000111001000010001000000000
0000000110101000111001010010001000000000
0011010100100000111001100010001000000000
0011010111001000000000001110001000000000
0011010101111101000010000010000000000000
1111110110010000000000001110001000000000
0011010100101101000010000010000000000000
1111110110000000000000001110001000000000
0011010111000101000010000010000000000000
1111110110110000000000001110001000000000
0011010111001101000010000010000000000000
1111110110111000000000001110001000000000
0000000000000000000000000000000000000000
1111111000110000000000000000000000000000
0000000000000000000000000000000000000000
1111111011000000000011110000000000000000
0000000000000000000000000000000000000000
