0000000000000000000000000000000000000000
1111111011100000000000000000000000000000
1111111100110100000000000000000000000000
1111111100101100000000000000000000000000
1111111101010100000000000000000000000000
1111111101011100000000000000000000000000
1111111111110101000010000010000000000000
1111111100111000000000000000000000000000
1111111110000000000000000000000000000000
0000000000000000000000000000000000000000
0000000000000000000000000000000000000000
1111111011101000000011000000000000000000
1111111000110000000000001110001000000000
0000000000000000000000000000000000000000
0000000000000000000000000000000000000000
0000000000000000000000000000000000000000
0000000000000000000000000000000000000000
0000000000000000000000000000000000000000
0000000000000000000000000000000000000000
1111111111101000000001110010000000001000
0000000000000000000001101010000000000000
1111111111100000000000001100000000000000
1111111110000000000001110000000000000000
0000000000000000000000000000000000000000
1111111100000000000000000000000000000000
1111111011000000001000100000000000100111
0000000000000000000000000000000000000000
1111111011101000000111100000000000000000
1111111111101000000000010010000000000000
1111111111011000000000010000001100000000
0000000000000111110001100000000000000000
1111111100001000000000000000000000000000
1111111111110100000000000010000000000000
1111111111011000000001110000001000000000
1111110110100101000010000010000000000000
0000000000000000000000001110001000000000
1111110110101101000010000010000000000000
0000000000001000000000001110001000000000
1111110100100101000010000010000000000000
0000000000010000000000001110001000000000
1111110100101101000010000010000000000000
0000000000011000000000001110001000000000
1111110100110101000010000010000000000000
0000000000100000000000001110001000000000
1111110100111101000010000010000000000000
0000000000101000000000001110001000000000
1111110101000101000010000010000000000000
0000000000110000000000001110001000000000
1111110101001101000010000010000000000000
0000000000111000000000001110001000000000
1111110101010101000010000010000000000000
0000000001000000000000001110001000000000
1111110101011101000010000010000000000000
0000000001001000000000001110001000000000
1111111111101000000010000010000000000000
0000000001010000000000001110001000000000
1111111111101000000010010010000000000000
0000000001011000000000001110001000000000
0000000001010101000010000010000000000000
1111111111011000000010100000001000000000
0000000001100000000000001110001000000000
0000000001011101000010000010000000000000
1111110101111000000000001110001000000000
0000000001011101000010000010000000000000
1111110101101000000000001110001000000000
0000000001011101000010000010000000000000
1111110110000000000000001110001000000000
0000000001011101000010000010000000000000
1111110110010000000000001110001000000000
0000000001011101000010000010000000000000
1111110110001000000000001110001000000000
0000000001011101000010000010000000000000
1111110110011000000000001110001000000000
0000000000010101000010000010000000000000
1111110110110000000000001110001000000000
0000000000100101000010000010000000000000
1111110110111000000000001110001000000000
0000000000000101000010000010000000000000
1111110101100000000000001110001000000000
0000000000001101000010000010000000000000
1111110101110000000000001110001000000000
0000000000000000000000001100000000000000
0000000000000000000000000000000000000000
0000000000000111111111110010000000000000
0000000010101000000000001110001000000000
0000000010110000000000001111001000000000
0000000001111101000010000010000000000000
0000000001111000000010110010001001000000
0000000010110000000010110010001000000000
0000000001101101000010000011010000000000
0000000001101000000010110010001001000000
0000000010101000000010111000001000000000
0000000010101000000010110010001000000000
0000000001110000000000001110001000000000
0000000010000000000000001111001000000000
0000000010111000000000001111011000000000
0000000010011101000010000010000000001000
0000000010100000000000001110001000000000
0000000010001101000010000010000000000000
1111111111101000000011010010001001100111
0000000010010000000000001110001000000000
0000000010111101000010000010001001001000
0000000010111101000010000010000000000000
0000000010010000000000001110001000100111
1111111111101000000011000010000000000000
0000000010100000000000001110001000100111
0000000010100101000010000010000000001000
1111111111111101000010000010001001000000
0000000010100000000000001110001000100110
0000000010010101000010000010000000000000
1111111111011000000011100000001000000000
0000000000000101000010000010000000000000
0000000011000000000000001110001000000000
0000000000001000000000001100000000000000
0000000000000000000000000000000000000000
0000000000001111111111110010000000000000
0000000010101000000000001110001000000000
0000000010110000000000001111001000000000
0000000011011101000010000010000000000000
0000000011011000000011110010001001000000
0000000010110000000011110010001000000000
0000000011001101000010000011010000000000
0000000011001000000011110010001001000000
0000000010101000000011111000001000000000
0000000010101000000011110010001000000000
0000000011010000000000001110001000000000
0000000011100000000000001111001000000000
0000000010111000000000001111011000000000
0000000011111101000010000010000000001000
0000000100000000000000001110001000000000
0000000011101101000010000010000000000000
1111111111101000000100010010001001100111
0000000011110000000000001110001000000000
0000000010111101000010000010001001001000
0000000010111101000010000010000000000000
0000000011110000000000001110001000100111
1111111111101000000100000010000000000000
0000000100000000000000001110001000100111
0000000100000101000010000010000000001000
1111111111111101000010000010001001000000
0000000100000000000000001110001000100110
0000000011110101000010000010000000000000
1111111111011000000100100000001000000000
0000000000001101000010000010000000000000
0000000100001000000000001110001000000000
0000000000000000000000000000000000000000
1111111000110000000000000000000000000000
0000000000000000000000000000000000000000
1111111011000000000011110000000000000000
0000000000000000000000000000000000000000
